0 0.866025403789 0.499999999993
0.06279051953 0.8517831771 0.520721717031
0.1253332336 0.834327546083 0.53913170263
0.1873813146 0.813873257654 0.554904668222
0.2486898872 0.790642255785 0.567733764571
0.3090169944 0.764860578305 0.577335650271
0.3681245527 0.736755346036 0.583455279721
0.4257792916 0.706551889201 0.585870334722
0.4817536741 0.674471053841 0.584395226516
0.535826795 0.640726727362 0.578884605444
0.5877852523 0.605523617598 0.56923631794
0.6374239897 0.569055317172 0.555393763945
0.6845471059 0.531502677045 0.537347613803
0.7289686274 0.493032510951 0.515136853053
0.7705132428 0.453796643016 0.488849137396
0.8090169944 0.413931308815 0.458620446891
0.8443279255 0.373556911252 0.424634040196
0.87630668 0.33277812759 0.387118723569
0.9048270525 0.291684358634 0.346346454276
0.9297764859 0.250350503797 0.302629313125
0.9510565163 0.208838042104 0.256315889325
0.9685831611 0.167196392571 0.207787127626
0.9822872507 0.125464523369 0.157451700178
0.9921147013 0.0836727755219 0.105740968787
0.9980267284 0.0418448616752 0.0531036126032
1 -1.07105053736e-16 -1.36113135182e-16
0.9980267284 -0.0418448616752 -0.0531036126032
0.9921147013 -0.0836727755219 -0.105740968787
0.9822872507 -0.125464523369 -0.157451700178
0.9685831611 -0.167196392571 -0.207787127626
0.9510565163 -0.208838042104 -0.256315889325
0.9297764859 -0.250350503797 -0.302629313125
0.9048270525 -0.291684358634 -0.346346454276
0.87630668 -0.33277812759 -0.387118723569
0.8443279255 -0.373556911252 -0.424634040196
0.8090169944 -0.413931308815 -0.458620446891
0.7705132428 -0.453796643016 -0.488849137396
0.7289686274 -0.493032510951 -0.515136853053
0.6845471059 -0.531502677045 -0.537347613803
0.6374239897 -0.569055317172 -0.555393763945
0.5877852523 -0.605523617598 -0.56923631794
0.535826795 -0.640726727362 -0.578884605444
0.4817536741 -0.674471053841 -0.584395226516
0.4257792916 -0.706551889201 -0.585870334722
0.3681245527 -0.736755346036 -0.583455279721
0.3090169944 -0.764860578305 -0.577335650271
0.2486898872 -0.790642255785 -0.567733764571
0.1873813146 -0.813873257654 -0.554904668222
0.1253332336 -0.834327546083 -0.53913170263
0.06279051953 -0.8517831771 -0.520721717031
-3.216245299e-16 -0.866025403789 -0.499999999993
-0.06279051953 -0.876849823809 -0.477305011354
-0.1253332336 -0.884065523513 -0.452982998655
-0.1873813146 -0.887498168193 -0.427382582464
-0.2486898872 -0.886992990604 -0.400849396515
-0.3090169944 -0.882417628804 -0.373720866016
-0.3681245527 -0.873664767234 -0.346321206166
-0.4257792916 -0.860654537799 -0.318956717765
-0.4817536741 -0.843336638938 -0.291911453471
-0.535826795 -0.82169213786 -0.265443320044
-0.5877852523 -0.795734920896 -0.239780676449
-0.6374239897 -0.765512767269 -0.215119478844
-0.6845471059 -0.731108022742 -0.191621013587
-0.7289686274 -0.692637856648 -0.169410252837
-0.7705132428 -0.650254093113 -0.148574852295
-0.8090169944 -0.604142612113 -0.1291648054
-0.8443279255 -0.554522321749 -0.111192754796
-0.87630668 -0.501643712688 -0.0946349505243
-0.9048270525 -0.445787007232 -0.0794328373182
-0.9297764859 -0.387259924996 -0.0654952395702
-0.9510565163 -0.326395092602 -0.0527011050703
-0.9685831611 -0.26354712739 -0.0409027595704
-0.9822872507 -0.199089433908 -0.0299296144194
-0.9921147013 -0.133410752951 -0.0195922648117
-0.9980267284 -0.0669115083849 -0.0096869069259
-1 -1.95825689808e-16 -2.82139956239e-17
-0.9980267284 0.0669115083849 0.0096869069259
-0.9921147013 0.133410752951 0.0195922648117
-0.9822872507 0.199089433908 0.0299296144194
-0.9685831611 0.26354712739 0.0409027595704
-0.9510565163 0.326395092602 0.0527011050703
-0.9297764859 0.387259924996 0.0654952395702
-0.9048270525 0.445787007232 0.0794328373182
-0.87630668 0.501643712688 0.0946349505243
-0.8443279255 0.554522321749 0.111192754796
-0.8090169944 0.604142612113 0.1291648054
-0.7705132428 0.650254093113 0.148574852295
-0.7289686274 0.692637856648 0.169410252837
-0.6845471059 0.731108022742 0.191621013587
-0.6374239897 0.765512767269 0.215119478844
-0.5877852523 0.795734920896 0.239780676449
-0.535826795 0.82169213786 0.265443320044
-0.4817536741 0.843336638938 0.291911453471
-0.4257792916 0.860654537799 0.318956717765
-0.3681245527 0.873664767234 0.346321206166
-0.3090169944 0.882417628804 0.373720866016
-0.2486898872 0.886992990604 0.400849396515
-0.1873813146 0.887498168193 0.427382582464
-0.1253332336 0.884065523513 0.452982998655
-0.06279051953 0.876849823809 0.477305011354
